10
10
10
10
10
10
10
10
11
11
11
11
11
10
3
10
3
10
11
11
11
11
11
11
11
11
3
3
5
5
3
3
3
3
3
3
3
1
3
3
1
2
3
3
3
0
0
0
0
0
0
0
0
0
0
0
5
1
1
5
1
1
5
5
5
5
5
1
5
2
2
10
1
10
2
10
2
10
2
2
2
2
2
2
2
2
2
2
2
4
4
2
4
12
12
12
12
12
12
12
12
12
12
12
12
14
13
13
13
10
13
13
14
14
14
13
13
15
15
15
15
0
0
15
15
15
15
0
13
13
14
14
14
14
14
12
12
12
12
14
14
14
14
14
14
13
13
13
13
13
15
15
15
15
15
15
15
15
15
13
15
14
14
14
13
13
13
4
7
7
7
5
1
4
5
4
4
6
6
5
4
4
5
5
4
4
4
4
6
4
4
6
6
4
4
4
1
1
1
7
7
7
7
7
7
7
7
7
7
7
7
7
1
1
1
7
1
1
7
7
6
6
6
6
6
6
6
6
6
7
11
11
2
2
2
0
1
5
5
1
5
1
12
12
12
5
10
10
10
11
11
3
11
11
3
1
3
0
0
0
0
1
13
15
14
8
8
9
9
8
9
9
8
8
8
8
8
8
8
9
9
9
9
9
9
9
9
9
9
9
9
8
8
8
8
8
9
9
8
8