141
150
154
151
140
149
153
147
139
145
143
146
135
148
68
62
63
129
136
130
137
138
126
131
132
134
71
72
0
11
67
121
74
70
76
72
120
123
98
97
117
69
76
76
101
122
123
102
104
106
107
95
107
93
100
94
20
8
10
2
13
14
5
6
3
20
22
40
4
91
92
128
12
66
68
65
78
127
86
85
79
86
87
77
88
78
80
90
83
82
81
116
84
184
182
171
175
176
172
174
185
185
183
185
163
161
160
162
169
168
167
158
156
155
200
194
196
198
204
202
207
208
208
205
201
204
214
206
152
169
200
192
188
191
186
180
179
181
178
192
246
190
189
245
248
165
161
164
166
159
210
212
209
212
211
215
216
213
216
193
203
187
157
157
199
195
196
29
56
37
36
25
38
41
24
17
18
30
30
19
18
16
26
26
27
84
28
21
30
15
44
113
112
45
45
42
43
41
31
32
47
33
34
35
58
46
59
57
57
59
61
60
53
52
53
49
51
50
54
48
108
115
114
109
110
111
111
118
119
55
124
133
88
92
89
99
7
1
6
14
6
39
177
170
173
23
142
150
154
144
146
64
138
125
73
123
75
102
103
105
96
9
169
197
247
234
235
224
232
238
219
228
235
242
241
244
236
243
244
220
217
221
222
223
218
224
224
229
231
232
230
233
238
239
240
237
226
227
225
239