111
101
110
109
106
107
108
102
103
104
104
105
115
102
60
59
61
121
116
122
117
117
124
113
114
114
54
56
14
72
55
55
58
55
51
57
66
67
70
73
92
65
52
52
62
66
64
64
95
94
98
68
99
97
95
96
18
88
92
14
92
70
12
16
16
22
21
74
15
81
82
120
71
53
60
118
77
119
82
83
78
83
83
76
86
77
75
86
79
79
80
91
80
128
134
129
129
130
127
130
133
132
135
133
138
139
139
140
148
108
146
142
145
144
182
183
186
199
195
194
195
197
197
196
194
193
189
196
148
147
181
177
176
179
178
131
136
136
135
175
180
183
180
174
174
149
141
137
147
142
191
192
191
192
192
190
188
189
187
184
199
177
145
143
185
186
185
7
35
31
33
5
74
19
0
23
23
9
10
1
24
24
2
4
4
3
5
6
8
22
20
37
38
20
43
44
45
45
48
49
27
49
33
33
32
29
30
36
36
29
30
28
26
47
26
27
47
46
35
25
39
41
40
42
42
39
11
11
11
34
124
112
85
84
86
93
89
13
17
69
17
74
125
126
127
2
111
100
110
123
105
61
117
124
58
67
50
63
87
99
97
90
149
198
173
162
170
157
154
163
157
152
170
169
169
172
168
172
171
158
156
159
161
160
150
158
161
154
155
153
155
163
164
166
164
165
151
152
167
166