96
102
100
13
97
103
103
99
97
111
98
111
98
99
13
13
20
109
107
107
104
104
108
106
106
107
23
18
14
14
21
23
15
21
23
18
2
3
12
18
9
17
19
19
1
2
2
1
0
5
5
12
4
7
6
7
56
10
11
50
9
8
14
51
48
56
55
16
48
26
26
109
16
24
29
24
29
109
110
25
17
110
25
110
30
27
17
31
28
27
27
9
28
86
83
84
84
87
87
86
86
82
83
82
81
89
88
81
88
103
127
90
64
64
95
92
93
69
76
73
77
72
72
74
74
76
72
74
100
127
95
65
66
67
66
81
80
80
80
67
70
68
68
70
71
91
89
91
127
90
79
79
73
77
78
78
75
77
75
93
69
65
94
94
92
93
92
59
38
44
44
57
43
40
57
57
53
62
62
56
53
53
52
58
58
28
58
59
59
55
40
47
47
42
42
42
41
41
46
45
35
45
45
44
36
36
39
39
39
36
37
37
34
34
34
35
46
46
38
35
47
60
60
60
61
61
63
63
63
38
108
106
30
26
31
6
10
50
51
8
51
43
87
87
84
52
96
102
100
98
111
20
104
108
15
3
19
1
0
4
7
11
88
69
71
21
123
115
117
126
115
118
123
120
120
120
123
120
120
115
113
115
112
115
115
112
115
117
117
117
117
126
126
126
126
126
118
118
123
126
