39
39
39
38
41
40
40
15
41
41
41
40
43
15
15
38
15
10
43
44
42
42
44
42
43
43
14
14
6
6
45
14
12
14
12
12
2
5
5
5
4
14
13
13
13
2
2
2
3
0
0
1
0
1
3
3
27
7
7
26
4
6
4
26
27
27
24
22
27
10
10
10
6
45
45
45
45
9
9
9
11
9
9
11
8
11
11
8
11
31
31
4
31
61
54
55
55
55
54
61
61
61
54
61
57
60
60
58
59
40
57
58
60
47
47
51
49
48
51
51
50
50
1
50
50
51
53
50
59
59
47
47
46
46
46
57
57
57
54
46
56
51
46
56
56
58
60
58
59
58
48
52
48
52
52
52
53
53
53
49
48
47
60
60
49
49
49
30
18
19
19
30
22
22
25
25
24
29
29
27
24
24
25
25
31
31
30
30
30
24
22
21
21
21
23
23
23
23
20
20
17
20
19
19
19
16
16
18
18
16
16
16
17
20
17
17
20
20
18
17
21
28
28
28
28
21
29
29
29
18
44
43
8
10
8
3
7
26
26
6
26
22
55
54
55
25
39
39
39
41
40
15
42
44
12
5
13
2
3
0
1
7
59
48
56
35
35
34
32
37
33
33
35
36
36
36
35
36
36
34
34
34
34
34
34
34
34
32
32
32
32
37
37
37
37
37
33
33
35
37