142
151
155
152
141
150
154
148
140
146
144
147
136
149
68
62
63
130
137
131
138
139
127
132
133
135
71
72
0
11
67
122
74
70
76
72
121
124
98
97
118
69
76
76
101
123
124
102
104
107
108
95
108
93
100
94
20
8
10
2
13
14
5
6
3
20
22
40
4
91
92
129
12
66
68
65
78
128
86
85
79
86
87
77
88
78
80
90
83
82
81
117
84
185
183
172
176
177
173
175
186
186
184
186
164
162
161
163
170
169
168
159
157
156
201
195
197
199
205
203
208
209
209
206
202
205
215
207
153
170
201
193
189
192
187
181
180
182
179
193
247
191
190
246
249
166
162
165
167
160
211
213
210
213
212
216
217
214
217
194
204
188
158
158
200
196
197
29
56
37
36
25
38
41
24
17
18
30
30
19
18
16
26
26
27
84
28
21
30
15
44
114
113
45
45
42
43
41
31
32
47
33
34
35
58
46
59
57
57
59
61
60
53
52
53
49
51
50
54
48
109
116
115
110
111
112
112
119
120
55
125
134
88
92
89
99
7
1
6
14
6
39
178
171
174
23
143
151
155
145
147
64
139
126
73
124
75
102
103
106
96
9
170
198
248
235
236
225
233
239
220
229
236
243
242
245
237
244
245
221
218
222
223
224
219
225
225
230
232
233
231
234
239
240
241
238
227
228
226
240