171
173
172
164
170
174
170
166
162
163
162
163
160
168
168
164
167
174
159
159
160
157
157
153
154
158
75
75
46
18
74
75
67
74
71
73
60
60
53
53
49
69
72
71
70
61
61
64
64
63
63
56
57
58
55
54
38
51
50
46
49
52
47
47
39
38
37
19
39
84
85
81
18
82
65
83
65
83
83
86
80
86
86
66
76
66
69
77
80
79
79
48
78
122
120
125
127
127
128
127
124
124
121
109
110
115
117
111
112
169
113
118
115
116
106
104
105
108
93
93
92
97
97
96
94
94
90
96
165
112
106
99
101
102
102
124
123
123
121
98
130
100
102
130
130
136
118
119
113
119
87
88
88
89
89
91
91
90
95
103
108
99
116
114
104
103
105
25
1
14
14
30
20
19
27
42
42
24
24
26
41
42
28
30
31
29
31
23
25
41
40
33
33
32
32
16
17
16
17
15
6
12
13
13
4
4
9
8
8
3
3
2
9
10
7
6
11
11
1
5
35
34
34
36
36
35
21
22
22
0
155
154
76
85
77
55
43
44
44
52
45
20
126
128
128
28
171
173
172
162
161
167
157
156
67
59
72
62
64
57
58
50
149
107
129
132
141
151
145
135
150
143
141
140
140
138
141
137
138
148
149
148
147
151
152
150
152
145
144
146
146
133
134
131
135
135
143
142
139
131