170
172
171
163
169
173
169
165
161
162
161
162
159
167
167
163
166
173
158
158
159
156
156
152
153
157
74
74
46
18
73
74
67
73
70
72
60
60
53
53
49
68
71
70
69
61
61
64
64
63
63
56
57
58
55
54
38
51
50
46
49
52
47
47
39
38
37
19
39
83
84
80
18
81
65
82
65
82
82
85
79
85
85
66
75
66
68
76
79
78
78
48
77
121
119
124
126
126
127
126
123
123
120
108
109
114
116
110
111
168
112
117
114
115
105
103
104
107
92
92
91
96
96
95
93
93
89
95
164
111
105
98
100
101
101
123
122
122
120
97
129
99
101
129
129
135
117
118
112
118
86
87
87
88
88
90
90
89
94
102
107
98
115
113
103
102
104
25
1
14
14
30
20
19
27
42
42
24
24
26
41
42
28
30
31
29
31
23
25
41
40
33
33
32
32
16
17
16
17
15
6
12
13
13
4
4
9
8
8
3
3
2
9
10
7
6
11
11
1
5
35
34
34
36
36
35
21
22
22
0
154
153
75
84
76
55
43
44
44
52
45
20
125
127
127
28
170
172
171
161
160
166
156
155
67
59
71
62
64
57
58
50
148
106
128
131
140
150
144
134
149
142
140
139
139
137
140
136
137
147
148
147
146
150
151
149
151
144
143
145
145
132
133
130
134
134
142
141
138
130