90
95
94
13
91
96
96
93
91
103
92
103
92
93
13
13
20
101
99
99
97
97
100
98
98
99
22
18
14
14
21
22
15
21
22
18
2
3
12
18
9
17
19
19
1
2
2
1
0
5
5
12
4
7
6
7
51
10
11
46
9
8
14
47
45
51
50
16
45
25
25
101
16
23
28
23
28
101
102
24
17
102
24
102
29
26
17
30
27
26
26
9
27
80
78
79
79
81
81
80
80
77
78
77
76
83
82
76
82
96
112
84
59
59
89
86
87
64
71
68
72
67
67
69
69
71
67
69
94
112
89
60
61
62
61
76
75
75
75
62
65
63
63
65
66
85
83
85
112
84
74
74
68
72
73
73
70
72
70
87
64
60
88
88
86
87
86
54
35
41
41
52
40
37
52
52
49
57
57
51
49
49
48
53
53
27
53
54
54
50
37
44
44
39
39
39
38
38
43
42
32
42
42
41
33
33
36
36
36
33
34
34
31
31
31
32
43
43
35
32
44
55
55
55
56
56
58
58
58
35
100
98
29
25
30
6
10
46
47
8
47
40
81
81
79
48
90
95
94
92
103
20
97
100
15
3
19
1
0
4
7
11
82
64
66
21
110
106
107
111
106
108
110
109
109
109
110
109
109
106
105
106
104
106
106
104
106
107
107
107
107
111
111
111
111
111
108
108
110
111