85
87
83
84
86
87
86
92
86
88
89
88
89
92
84
84
47
91
96
91
95
95
90
94
94
96
28
28
42
42
80
33
32
51
30
32
33
39
38
41
53
51
29
30
31
33
39
31
35
34
34
37
93
37
36
36
11
55
52
8
52
38
42
9
10
11
1
41
10
43
43
91
41
46
80
46
49
46
44
44
54
44
45
49
45
49
51
54
53
48
48
53
48
100
104
97
101
102
104
100
99
99
103
99
106
98
98
105
107
107
110
105
109
108
108
65
65
67
59
57
59
56
56
59
57
57
58
56
83
110
108
111
64
111
64
97
103
97
103
111
63
63
63
66
66
106
98
106
110
105
60
60
60
61
61
61
58
61
58
65
67
64
109
109
62
62
62
4
22
14
14
4
40
12
5
5
3
2
2
7
3
1
7
50
50
50
4
3
2
1
12
26
26
16
16
15
15
40
13
13
19
13
21
14
21
17
17
23
23
17
27
27
17
20
17
18
20
20
22
18
26
24
24
25
24
25
6
6
6
22
90
94
45
43
54
36
55
8
9
38
9
40
102
104
101
5
85
87
83
89
88
47
95
90
32
39
29
31
35
93
37
52
107
67
66
80
79
68
76
81
68
68
79
78
78
77
79
77
77
69
70
68
72
68
73
71
74
76
76
76
76
81
81
82
81
81
68
75
79
82