57 80
2 15 16 17 
1 3 
2 4 15 
3 5 6 18 18 
4 6 
4 5 7 8 
6 8 29 
6 7 9 
8 10 11 12 13 55 
9 12 51 
9 13 41 43 
9 10 13 16 17 
9 11 12 14 15 49 
13 15 46 
1 3 13 14 45 
1 12 
1 12 
4 4 19 
18 20 
19 21 
20 22 
21 23 38 
22 24 
23 25 25 26 
24 24 30 
24 27 
26 28 
27 29 
7 28 52 
25 31 
30 32 
31 33 34 
32 
32 35 
34 36 
35 37 40 
36 38 39 
22 37 44 48 49 
37 57 
36 56 
11 42 43 56 
41 56 
11 41 
38 45 
15 44 
14 47 
46 48 
38 47 49 
13 38 48 50 
49 51 
10 50 
29 53 
52 54 
53 55 
9 54 
40 41 42 57 
39 56 
