300 411
3 5 247 
3 6 8 248 
1 2 4 7 18 129 249 
3 16 
1 7 9 
2 7 
3 5 6 12 110 
2 11 14 
5 11 
11 12 
8 9 10 13 250 
7 10 20 251 
11 19 
8 15 
14 16 17 31 74 75 
4 15 36 
15 252 
3 20 72 
13 20 21 26 
12 18 19 23 
19 22 
21 23 24 253 
20 22 231 254 
22 25 
24 26 232 
19 25 
28 32 34 35 
27 36 
30 60 63 64 
29 73 
15 32 34 35 43 74 75 266 
27 31 35 37 
36 255 
27 31 42 
27 31 32 36 43 44 
16 28 33 35 40 
32 38 42 46 
37 39 41 47 256 
38 40 52 62 
36 39 68 
38 61 92 
34 37 87 
31 35 44 257 
35 43 45 
44 48 
37 47 
38 46 48 
45 47 49 258 
48 50 55 259 
49 51 
50 53 
39 54 
51 54 260 
52 53 56 123 261 
49 56 236 
54 55 
66 180 190 
59 237 
58 60 61 262 
29 59 64 238 
41 59 62 63 66 
39 61 73 240 
29 61 64 
29 60 63 65 67 239 241 
64 66 69 
57 61 65 190 
64 190 
40 73 173 174 
65 
71 81 
70 72 83 234 
18 71 78 
30 62 68 
15 31 76 
15 31 77 
74 78 79 
75 84 86 
72 76 79 
76 78 82 83 84 
82 83 
70 87 88 89 90 
79 80 83 
71 79 80 82 85 
77 79 86 
83 88 233 
77 84 87 90 
42 81 86 
81 85 235 
81 90 92 93 
81 86 89 91 
90 93 
41 89 
89 91 186 
100 101 
99 103 
97 138 
96 98 100 245 
97 99 100 243 
95 98 244 245 
94 97 98 
94 102 104 136 
101 103 104 
95 102 139 
101 102 105 
104 106 108 111 136 137 148 
105 107 113 147 
106 109 112 
105 109 112 
107 108 110 111 129 130 146 147 263 
7 109 
105 109 149 
107 108 116 147 148 150 
106 114 163 
113 115 
114 116 131 
112 115 119 142 160 165 167 
160 167 
151 161 264 
116 120 121 124 125 126 161 
119 125 153 
119 122 154 
121 123 124 127 128 
54 122 
119 122 125 128 159 
119 120 124 126 
119 125 
122 157 158 
122 124 
3 109 
109 149 
115 132 
131 140 162 
135 162 
135 140 143 
133 134 
101 105 138 
105 138 139 
96 136 137 
103 137 
132 134 
143 144 
116 143 
134 141 142 
141 145 
144 265 
109 148 
106 109 112 
105 112 146 
111 130 
112 
118 152 153 
151 153 154 155 
120 151 152 
121 152 155 158 
152 154 156 
155 157 
127 156 158 159 
127 154 157 
124 157 
116 117 166 
118 119 
132 133 
113 164 
163 
116 167 
160 167 
116 117 165 166 
187 188 189 
208 210 219 
171 204 
170 204 
175 184 187 
68 198 242 
68 191 198 
172 176 189 246 
175 177 190 
176 181 182 188 189 190 
179 189 
178 189 227 
57 183 
177 190 
177 190 
180 184 246 
172 183 185 
184 186 187 
93 185 
168 172 185 
168 177 
168 175 177 178 179 
57 66 67 176 177 181 182 191 
174 190 194 
193 
192 194 221 
191 193 195 
194 196 
195 197 198 199 
196 198 199 
173 174 196 197 216 
196 197 200 217 
199 202 
216 
200 203 
202 204 205 
170 171 203 
203 210 
210 
208 210 213 
169 207 209 
208 
169 205 206 207 211 216 
210 212 
211 
207 214 215 216 
213 217 
213 
198 201 210 213 220 
199 214 218 
217 
169 230 
216 
193 224 226 
223 224 
222 225 
221 222 225 226 
223 224 226 
221 224 225 227 
179 226 228 
227 229 
228 
219 
23 
25 
85 
71 
88 
55 
58 
60 
64 
62 
64 
173 
98 
99 
97 99 
175 183 
1 
2 
3 
11 
12 
17 
22 
23 
33 
38 
43 
48 
49 
53 
54 
59 
109 
118 
145 
31 270 271 273 
273 273 274 277 
271 271 272 280 281 282 283 284 285 286 287 291 
288 289 290 291 
266 292 293 294 295 296 
266 268 268 272 
268 271 297 298 
266 267 267 299 
267 275 276 
274 
274 278 279 
267 
276 
276 
268 
268 
268 
268 
268 
268 
268 
268 
269 
269 
269 
268 269 
270 
270 
270 300 
270 
270 
272 
272 
273 
294 
