197
203
194
195
199
203
199
214
199
204
207
204
207
214
195
195
111
210
223
210
221
221
209
216
216
223
67
67
95
95
187
79
74
119
72
74
79
91
89
94
123
119
69
72
73
79
91
73
81
80
80
85
215
85
82
82
27
127
121
16
121
89
95
21
25
27
2
94
25
98
98
210
94
104
187
104
117
104
100
100
125
100
102
117
102
117
119
125
123
115
115
123
115
233
239
226
235
237
239
233
231
231
238
231
243
228
228
241
245
245
253
241
251
247
247
155
155
158
139
134
139
128
128
139
134
134
136
128
194
253
247
255
151
255
151
226
238
226
238
255
148
148
148
157
157
243
228
243
253
241
141
141
141
143
143
143
136
143
136
155
158
151
251
251
145
145
145
9
53
35
35
9
93
31
11
11
7
5
5
15
7
2
15
118
118
118
9
7
5
2
31
60
60
39
39
38
38
93
32
32
43
32
48
35
48
40
40
55
55
40
63
63
40
45
40
41
45
45
53
41
60
56
56
59
56
59
13
13
13
53
209
216
102
98
125
82
127
16
21
89
21
93
237
239
235
11
197
203
194
207
204
111
221
209
74
91
69
73
81
215
85
121
245
158
157
187
180
160
175
188
160
160
180
179
179
177
180
177
177
161
163
160
165
160
166
164
170
175
175
175
175
188
188
190
188
188
160
171
180
190
