41
41
41
40
43
42
42
15
43
43
43
42
45
15
15
40
15
10
45
46
44
44
46
44
45
45
14
14
6
6
47
14
12
14
12
12
2
5
5
5
4
14
13
13
13
2
2
2
3
0
0
1
0
1
3
3
27
7
7
26
4
6
4
26
27
27
24
22
27
10
10
10
6
47
47
47
47
9
9
9
11
9
9
11
8
11
11
8
11
31
31
4
31
63
56
57
57
57
56
63
63
63
56
63
59
62
62
60
61
42
59
60
62
49
49
53
51
50
53
53
52
52
1
52
52
53
55
52
61
61
49
49
48
48
48
59
59
59
56
48
58
53
48
58
58
60
62
60
61
60
50
54
50
54
54
54
55
55
55
51
50
49
62
62
51
51
51
30
18
19
19
30
22
22
25
25
24
29
29
27
24
24
25
25
31
31
30
30
30
24
22
21
21
21
23
23
23
23
20
20
17
20
19
19
19
16
16
18
18
16
16
16
17
20
17
17
20
20
18
17
21
28
28
28
28
21
29
29
29
18
46
45
8
10
8
3
7
26
26
6
26
22
57
56
57
25
41
41
41
43
42
15
44
46
12
5
13
2
3
0
1
7
61
50
58
36
36
34
32
39
33
33
36
37
37
37
36
37
37
34
34
34
34
34
34
34
34
32
32
32
32
39
39
39
39
39
33
33
36
39