1435 2405
2 1108 
1 3 3 5 11 12 13 
2 2 4 6 7 8 
3 
2 174 
3 7 8 9 18 20 34 49 1104 1105 
3 6 8 9 10 
3 6 7 9 10 18 20 1104 
6 7 8 10 1107 
7 8 9 1107 
2 
2 
2 
16 17 19 
16 19 
14 15 18 
14 172 
6 8 16 19 20 34 36 40 42 49 1104 1105 
14 15 18 
6 8 18 28 29 30 34 34 35 35 36 37 39 40 42 45 46 47 48 49 53 55 56 57 58 73 74 75 77 79 148 1104 1105 
50 65 160 
91 119 146 179 
96 156 
117 117 157 
86 124 155 
83 125 180 
41 61 62 69 178 
20 
20 
20 
91 
126 
90 
6 18 20 20 35 35 36 36 37 39 40 42 45 46 47 48 49 53 55 56 58 73 74 75 77 1104 1105 
20 20 34 34 36 45 54 73 75 77 
18 20 34 34 35 37 37 38 39 40 42 45 46 47 48 49 53 55 56 58 73 73 74 75 77 94 106 110 120 1104 
20 34 36 36 39 40 42 55 56 58 74 
36 39 
20 34 36 37 38 42 42 55 56 58 73 74 
18 20 34 36 37 42 49 56 58 58 75 79 1104 
27 63 64 
18 20 34 36 37 39 39 40 43 46 47 49 55 56 58 73 74 75 1104 
42 44 
43 55 
20 34 35 36 46 47 48 49 75 77 1385 
20 34 36 42 45 47 48 49 73 75 77 
20 34 36 42 45 46 48 49 73 75 77 
20 34 36 45 46 47 49 75 77 1104 
6 18 20 34 36 40 42 45 46 47 48 56 58 73 75 77 1104 
21 51 57 60 62 
50 52 57 57 58 60 66 72 112 116 
51 53 
20 34 36 52 54 55 75 77 
35 53 55 56 74 
20 34 36 37 39 42 44 53 54 56 58 
20 34 36 37 39 40 42 49 54 55 58 
20 50 51 51 58 58 60 
20 34 36 37 39 40 40 42 49 51 55 56 57 57 59 72 75 79 
58 60 
50 51 57 59 61 72 
27 60 70 
27 50 67 
41 71 
41 78 79 
21 66 
51 65 68 72 116 
62 68 80 
66 67 69 69 70 
27 68 68 80 
61 68 72 
63 80 
51 58 60 66 70 116 
20 34 35 36 36 39 42 46 47 49 75 
20 34 36 37 39 42 54 
20 34 35 36 40 42 45 46 47 48 49 53 58 73 77 94 105 106 110 120 1104 
77 106 130 
20 34 35 36 45 46 47 48 49 53 75 76 94 100 105 106 110 112 120 128 130 131 1379 1385 1387 
64 
20 40 58 64 
67 69 71 
82 83 84 121 
81 
26 81 
81 89 123 
86 123 
25 85 87 122 
86 88 
87 
84 90 92 99 100 102 103 123 126 127 128 130 
33 89 91 91 102 103 
22 31 90 90 93 98 105 110 
89 93 94 97 100 108 108 123 127 
91 92 94 
36 75 77 92 93 100 105 106 110 112 120 
115 133 
23 106 126 
92 98 100 127 
91 97 132 
89 100 106 110 118 127 130 
77 89 92 94 97 99 101 105 106 108 109 110 120 127 130 
100 110 
89 90 103 103 127 128 130 
89 90 102 102 127 128 130 
105 
75 77 91 94 100 104 106 107 109 110 112 120 
36 75 76 77 94 96 99 100 105 108 109 110 111 112 120 
105 129 
92 92 100 106 
100 105 106 110 110 
36 75 77 91 94 99 100 101 105 106 109 109 112 120 
106 112 113 120 120 
51 77 94 105 106 110 111 113 115 120 
111 112 114 
113 115 117 
95 112 114 116 117 129 133 
51 66 72 115 
24 24 114 115 
99 119 128 130 
22 118 131 
36 75 77 94 100 105 106 110 111 111 112 
81 
86 
84 85 89 92 
25 
26 
32 89 96 127 
89 92 97 99 100 102 103 126 130 
77 89 102 103 118 130 1379 1385 
107 115 
76 77 89 99 100 102 103 118 127 128 
77 119 
98 
95 115 
270 1276 1279 
165 166 170 171 171 271 634 634 635 635 
167 262 
167 261 
166 259 
171 242 243 
152 167 274 354 356 357 762 1214 1216 
279 281 285 1056 1410 
181 280 281 1349 
179 289 302 1370 
281 287 1101 
235 236 492 492 496 511 622 665 1057 1212 
22 309 311 
313 313 849 
20 239 311 314 321 323 323 
277 281 1099 
151 332 337 1106 1114 
150 340 1103 1106 
140 206 355 632 775 1135 
158 158 355 632 1093 1135 
185 186 187 280 386 387 388 389 393 393 394 629 1045 1345 
25 450 451 452 454 790 
23 464 464 
24 463 466 526 
153 153 374 685 1214 1215 
161 509 690 725 907 1137 1262 1264 
21 313 313 552 557 647 888 890 
159 175 586 690 1252 
587 1112 1138 
1029 1108 
612 1111 
135 167 1216 
135 138 167 171 
136 137 140 165 166 1131 1310 1313 1314 
275 290 1102 
170 1309 1309 1309 
135 169 171 
135 135 139 166 170 
17 640 641 
1028 1360 
5 873 
161 176 1270 
175 601 1246 
359 623 1336 
27 941 
22 143 180 1100 
26 179 289 433 733 759 1083 
142 978 1422 
979 1246 
1093 1175 1184 
695 768 1028 1435 1435 
154 
154 
154 
341 
302 
302 
302 
329 
449 
449 
449 
449 
449 
293 
293 
912 
507 
507 
633 
633 
1036 
152 
336 
336 
335 
335 
292 
292 
292 
292 
292 
292 
291 
291 
291 
291 
572 
572 
572 
572 
574 
574 
573 
573 
573 
927 
930 
935 935 
1040 
295 
145 
145 
938 
321 
148 
272 
272 
139 
139 
271 
940 
940 
943 
945 
323 
312 
312 
312 
312 
312 
313 
313 
313 
1039 
138 
271 
137 
136 
271 
930 
380 
380 
380 
1095 
1097 
134 271 274 
135 244 260 263 270 272 
240 241 271 
302 304 
140 270 293 
168 276 1056 
275 359 359 360 360 362 363 718 
149 278 290 
277 368 717 755 1078 1088 
141 397 409 707 
142 154 384 385 386 404 487 629 806 813 
141 142 144 149 282 283 
281 352 392 397 485 628 704 706 769 837 1055 
281 397 404 626 627 1054 
498 667 
141 397 406 881 
476 508 
144 288 302 
287 421 724 820 828 
143 180 426 433 701 719 730 752 850 
168 277 293 298 1060 
217 218 219 220 292 366 479 660 661 716 1060 1063 
211 212 213 214 215 216 291 478 484 619 658 686 788 844 866 
198 199 274 290 298 
486 836 
234 296 
295 298 316 1038 
475 489 613 841 878 1038 
290 293 296 299 300 316 500 
298 514 515 
298 301 302 314 
300 481 655 694 749 809 
143 189 190 191 273 287 300 304 307 325 
457 750 
273 302 305 
304 453 461 712 750 773 790 851 1067 
693 803 856 
302 308 311 325 
307 471 472 472 473 862 865 871 
146 
312 470 
146 148 307 313 319 
250 251 252 253 254 310 552 553 674 675 676 793 1072 
147 147 160 160 255 256 257 311 320 
148 300 315 
314 536 539 548 579 
296 298 317 326 
316 507 525 654 784 816 869 
621 1088 
311 320 
313 319 551 553 553 553 676 
148 238 554 560 566 648 699 779 843 854 
582 732 776 795 1027 1076 
148 148 249 326 328 332 
567 670 732 736 744 843 
302 307 465 
316 323 327 328 
326 562 573 884 1084 
323 326 329 332 
192 328 580 590 590 592 646 682 822 879 
419 442 
334 334 334 582 641 672 778 780 826 833 
150 323 328 333 
332 336 590 590 591 591 596 598 758 
331 331 331 638 639 640 754 
209 210 337 337 596 607 691 864 
207 208 333 337 337 606 687 876 910 910 
150 335 335 336 336 711 
477 536 
425 1065 
151 602 605 605 608 608 609 684 711 
188 431 528 
677 742 
402 677 
346 390 
347 972 
344 410 
345 400 
410 656 
408 410 
351 391 
350 402 
282 404 
393 404 
140 669 
152 153 
140 358 
140 361 446 
356 446 
177 276 276 
276 276 689 880 
357 788 
276 868 
276 767 818 
588 601 
604 659 717 718 
291 368 
604 710 
278 366 371 621 663 706 
658 737 
416 830 
368 838 
710 845 
707 709 881 1068 
158 474 
377 705 740 807 
616 761 
375 378 
377 379 
378 445 449 743 753 765 
265 266 267 679 
383 407 485 
383 399 
381 382 390 397 397 401 409 972 1055 
280 393 
280 404 
154 280 
154 393 
154 393 
154 394 
344 383 408 408 742 
350 404 656 
282 1054 
154 154 353 384 387 388 395 396 410 631 
154 389 395 400 
393 394 
393 397 
279 282 283 285 383 383 396 398 399 401 402 404 405 630 
397 628 
382 397 
347 394 
383 397 
343 351 397 
404 1054 
280 283 352 353 385 391 397 403 487 626 630 631 813 1054 
397 406 
285 405 407 
381 406 
349 390 390 
279 383 
346 348 349 393 
768 
443 698 812 817 
645 698 728 
443 444 
722 821 
370 618 827 
657 806 830 
832 1049 1050 
330 724 
722 764 820 
288 423 720 808 855 877 
427 428 
421 700 
448 877 
339 441 
289 1065 
422 719 720 
422 429 430 
428 584 768 781 
428 431 
341 430 436 528 752 
449 1083 
180 289 662 679 701 
662 759 
681 683 
431 847 
721 846 
439 523 
438 729 796 823 846 
729 824 
425 650 
330 1049 
412 414 
414 700 
379 829 
357 358 
449 817 
424 449 
193 194 195 196 197 379 432 447 448 450 452 452 493 531 616 649 650 651 857 1037 
155 449 
155 531 
155 449 449 
305 712 
155 455 456 460 493 617 
454 614 
454 783 
303 460 516 
459 461 
458 465 738 
454 457 538 
305 458 692 773 
464 1066 
157 464 
156 156 462 463 471 751 1081 
325 459 473 516 
157 792 
489 870 
470 526 527 731 789 875 
674 802 875 
310 468 
308 464 865 
308 308 738 
308 465 862 
374 475 
297 474 
286 479 831 866 
338 536 1085 
292 481 
291 476 614 671 686 694 
801 819 954 
301 478 661 844 
749 825 
500 763 
292 763 919 
282 381 
294 660 
280 404 
805 1070 
297 467 702 836 842 902 1031 1046 
533 782 
613 637 
145 145 576 860 872 1035 
449 454 
637 860 
1073 
145 497 667 697 
496 665 726 
284 578 
578 
298 483 532 774 
502 543 633 1077 
501 615 
542 652 
615 633 
518 654 741 
633 869 1070 
201 202 317 633 636 735 834 1043 
286 857 
159 834 835 
511 512 882 904 
145 510 
510 517 520 521 653 958 958 
514 524 620 760 1044 1048 1059 
299 513 517 532 1041 1042 1087 
299 522 529 549 774 859 959 959 
457 465 
512 514 
505 735 
530 533 748 782 784 
512 622 
512 816 
515 760 
438 683 
513 525 
317 524 
157 468 1096 
468 714 
341 431 
515 530 
519 529 
449 451 
500 514 
490 519 1079 
535 636 867 1079 
534 555 
315 338 477 548 555 840 960 
549 1089 
460 539 666 1026 
315 538 550 793 946 
840 883 
544 867 
503 544 
501 544 
541 542 543 567 688 744 1036 
688 
688 791 
791 883 
315 536 
515 537 
539 777 
320 664 
160 312 664 
312 320 320 320 554 554 560 
321 553 553 575 648 800 1032 1033 
535 536 
558 647 800 854 889 
160 575 973 
556 853 
675 890 
321 553 
565 565 566 699 772 955 
327 563 574 
562 568 570 
565 678 757 771 
561 561 564 642 643 
321 561 779 810 
324 544 
563 569 1058 
568 785 
563 713 921 
572 879 
221 222 223 224 571 577 577 811 
227 228 229 327 797 884 
225 226 562 797 
554 557 973 
492 697 
572 572 581 745 
498 499 805 835 
315 819 
329 581 582 583 
577 580 
322 331 580 745 780 794 811 1034 
580 586 
429 723 
646 898 
161 583 920 
162 589 
364 874 
587 727 758 874 
329 329 333 333 592 625 
333 333 593 595 
329 590 625 739 
591 754 
804 1051 1052 
591 596 600 863 873 1053 
333 335 595 597 
596 624 
333 864 
600 607 687 1051 
595 599 
176 364 
340 691 1029 
623 868 
365 367 
340 340 606 609 
336 605 786 
335 599 
340 340 944 
340 605 680 746 886 
611 680 
610 848 
164 684 
297 491 
455 479 
502 504 
376 449 
454 671 
416 764 
292 659 
513 633 
318 368 
145 520 
177 603 
597 876 
590 592 
283 404 
283 1054 
282 398 
154 280 
397 404 
393 404 
152 153 
203 204 501 504 506 507 620 1064 1071 
135 135 668 
135 135 669 
507 534 
491 494 
334 639 
334 638 640 
172 334 639 
172 331 833 
565 1040 
565 897 
826 1051 
413 765 
329 585 672 
160 556 
321 554 
449 766 
441 449 
449 803 
503 741 
512 858 
317 505 
301 696 
348 391 
417 747 
292 369 
365 619 
291 486 
291 481 
433 434 
368 1078 
551 552 
145 497 
538 861 1047 
284 496 
634 880 
354 635 
324 815 
479 617 
331 646 
1072 
312 469 
312 559 
312 320 
342 343 
564 949 1075 
380 433 681 
609 610 
435 679 
329 739 
435 523 
340 612 
158 872 
292 479 
336 599 
544 545 546 
360 716 
159 161 
335 602 
461 799 
306 852 
301 479 
184 1050 
655 801 
496 576 1073 
412 413 
321 561 
423 444 
289 433 
489 1057 
747 769 
282 740 
375 761 
282 368 
279 373 
798 1082 
373 845 
367 372 
337 340 
305 453 
570 1084 
527 871 
831 861 
291 689 
278 365 
276 365 
289 427 
421 427 
437 850 
415 420 
584 781 
288 419 
159 726 
497 725 
589 822 
413 821 
439 440 
289 733 
468 1081 
322 324 
180 730 
783 1067 
507 518 
324 1058 
369 755 
459 472 
592 682 
375 704 
505 652 
342 390 
379 838 
324 544 
577 582 
609 848 
657 703 
519 1059 
301 482 
303 305 
464 799 
289 431 
379 839 
334 593 
278 737 
828 855 
564 949 1075 
333 589 
180 434 
513 522 
376 705 
140 775 
483 484 
420 618 
379 645 
649 808 
363 868 
184 411 429 
282 703 
823 824 
564 778 
561 853 
305 461 
500 515 
152 762 
322 1080 
550 815 
331 771 
321 566 
331 582 
429 723 
490 519 970 
456 734 
317 519 
569 814 
606 
794 797 
292 361 
468 1072 
155 305 
546 547 
466 802 
312 539 
582 787 
322 797 
439 847 
573 574 787 795 
708 1068 
692 751 
554 556 
480 696 
469 792 
306 651 
594 863 
488 578 
280 417 
375 837 
421 766 
301 1089 
566 1080 
572 582 
412 829 
280 404 
785 1077 
670 777 
317 521 
412 447 
363 1082 
480 579 
288 420 
415 728 
329 727 
439 770 
440 770 
482 859 
331 644 
416 832 
288 756 
445 812 
370 417 
476 715 
418 827 
331 641 
507 509 
509 578 
294 489 
282 807 
371 743 839 
753 838 
536 540 
297 842 
489 841 
321 324 
292 481 
372 709 
437 439 
436 796 
611 746 
147 941 
289 721 
305 852 
693 851 
558 772 
321 556 
421 756 
306 1066 
449 508 
653 1071 
515 825 
492 494 
666 715 
308 473 
595 804 
335 598 
308 471 
292 476 
534 541 
362 603 767 
317 506 
467 1087 
308 714 
492 685 
174 595 
588 589 
468 469 
336 624 1094 1094 
421 424 
297 882 
329 571 
360 668 
285 373 
510 878 
540 547 
327 573 
887 893 
609 940 
885 888 889 894 
160 887 
556 887 
160 559 
892 894 
891 893 
885 892 
887 891 
896 
895 897 
643 896 936 
585 923 
900 967 
899 901 903 
900 971 
489 971 971 1031 1046 
900 918 
510 918 
1032 1033 
907 908 
159 906 908 
906 907 
924 1034 
336 336 911 
910 914 
200 913 915 916 
912 914 
911 913 
912 916 
912 915 1030 
1036 
903 904 
484 967 
586 979 
570 947 
924 947 948 
898 948 
909 922 
949 1039 1091 
1039 
230 928 
927 949 
930 955 
231 264 929 931 
930 974 
933 974 
932 1076 
1027 
232 232 936 
897 935 1040 
997 998 1003 
237 990 
940 
245 246 886 939 942 
178 849 
940 943 
247 942 944 975 
608 943 975 
248 946 
539 945 
921 922 
922 923 
678 757 925 928 
1026 
976 982 1026 
1027 
1028 
480 
561 929 
1035 
1035 
512 512 989 995 1001 1005 1007 1012 1022 
515 515 985 993 993 1004 1010 1014 
536 
987 996 1006 1016 1021 1041 1042 
1041 
1042 
968 1031 
983 984 994 999 1009 1009 1015 1044 1048 
1044 1048 
899 919 
964 1046 
1038 
782 1004 
901 902 902 
345 383 
557 575 
931 932 
943 944 
951 980 1047 
1047 
181 
182 920 
976 981 
980 982 
951 981 
965 985 
965 992 1023 1025 
959 983 986 1002 1015 
985 1008 1011 1016 
961 992 1019 1098 
989 1000 1018 1022 
958 988 997 
938 993 995 1009 1020 
996 1010 1011 
984 987 1002 
959 959 990 1004 1024 
965 999 
958 990 998 
961 991 1014 
937 989 
937 995 
965 994 1018 1025 
988 1005 1006 
958 1013 
985 992 1008 
937 1012 
959 970 993 
958 1000 
961 1000 
958 1020 
986 1002 
965 965 990 1017 
959 991 
986 991 
958 1003 1013 
1001 1012 
959 996 
965 985 
961 986 
1009 1024 
988 999 
987 1023 
990 1007 
961 1098 
958 988 
984 1019 
993 1017 
984 999 
538 950 951 
322 934 952 
173 184 953 
163 602 1030 
916 1029 
489 902 964 
554 905 
554 905 
582 909 
492 956 957 
205 544 917 
449 
296 297 969 
258 925 926 
233 642 936 
514 961 962 
514 961 963 
507 
513 965 966 
154 
489 902 968 
666 976 977 
513 965 966 
418 442 
418 695 
594 599 644 1092 1092 
594 1053 
595 1052 
283 392 403 404 627 
282 383 
141 275 
145 702 
568 736 
513 748 
290 291 1061 1062 1063 
1060 
1060 
291 1060 
633 
339 426 
462 856 
305 734 
373 798 1069 
1068 1090 
488 506 
633 858 
312 673 789 
495 697 
1075 1091 1091 
678 757 1074 
322 933 
501 814 
278 663 
533 534 
776 810 
464 731 
708 818 
180 432 
327 713 
477 1086 
1085 
514 870 
278 318 
537 809 
1069 
925 1074 1074 
1051 1051 
153 183 
876 876 1095 
268 1094 
526 1097 
269 1096 
987 1021 
149 
179 
144 
168 
151 1104 
6 8 18 20 34 36 40 42 48 49 75 1103 1105 1109 1110 1111 1112 1116 1117 1160 1276 1293 
6 18 20 34 1104 1109 1110 1111 1112 1115 1116 1117 1118 1149 1151 1158 1160 1198 1213 1257 1276 1290 1293 1294 1297 1303 1329 1392 
150 151 1107 1110 
9 10 1106 
1 163 1109 1110 
1104 1105 1108 1110 1111 
1104 1105 1106 1108 1109 1111 
164 1104 1105 1109 1110 
162 1104 1105 
1114 1119 
150 1113 1141 
1105 1116 1118 1119 1120 1151 1156 1158 1160 1226 1245 
1104 1105 1115 1117 1117 1118 1123 1149 1151 1160 1178 1257 1276 1293 
1104 1105 1116 1116 1118 1118 1147 1149 1151 1153 1160 1161 1276 1293 
1105 1115 1116 1117 1117 1149 1151 1160 1160 
1113 1115 1139 
1115 1128 1129 
1126 1132 1172 1173 1180 1244 
1129 1138 1196 
1116 1221 
1130 1136 1156 1176 1183 
1135 1136 1164 
1121 1134 1173 
1135 1143 1145 1166 
1120 1185 1228 1229 
1120 1122 1167 
1124 1143 1156 1158 1168 1205 
167 1144 1146 1169 
1121 1133 1139 1141 1172 
1132 1139 
1126 1141 1173 
152 153 1125 1127 1144 
1124 1125 1176 
159 1159 1159 
162 1122 1139 
1119 1132 1133 1138 1179 1179 
1141 1180 
1114 1132 1134 1140 
1143 1165 1168 
1127 1130 1142 
1131 1135 1184 
1127 1186 
1131 1187 
1117 1149 1149 1152 1153 1161 
1149 1151 1155 1163 1178 
1105 1116 1117 1118 1147 1147 1148 1151 1152 1153 1160 1161 1163 1178 
1152 1159 
1105 1115 1116 1117 1118 1148 1149 1160 1160 1163 1178 
1147 1149 1150 1153 1159 1163 1163 
1117 1147 1149 1152 1161 
1156 1157 1161 1198 1211 1213 
1148 1159 
1115 1124 1130 1154 1158 1168 
1154 1158 1211 
1105 1115 1130 1156 1157 1160 1168 1220 1226 1239 1245 1257 1261 
1137 1137 1150 1152 1155 1160 1191 1193 1194 1195 
1104 1105 1115 1116 1117 1118 1118 1149 1151 1151 1158 1159 1198 1213 1276 1290 1293 
1117 1147 1149 1153 1154 
1174 1196 
1148 1149 1151 1152 1152 1178 
1125 1181 1181 
1142 1168 1186 1188 
1127 1168 1177 1177 1183 1186 
1129 1174 1244 
1130 1142 1156 1158 1165 1166 1183 
1131 1187 
1237 1266 
1181 1186 1188 
1121 1132 1180 1182 
1121 1126 1134 1180 1180 
1162 1167 1179 1179 
183 1181 1184 
1124 1136 1177 1177 
1166 1166 1176 1176 
1116 1148 1149 1151 1163 1193 
1139 1139 1174 1174 1182 1182 
1121 1140 1172 1173 1173 1182 
1164 1164 1171 1175 1186 
1172 1179 1179 1180 
1124 1166 1168 
183 1144 1175 1187 
1128 1229 1254 
1145 1165 1166 1171 1181 
1146 1169 1184 
1165 1171 
1190 1194 
1189 1195 
1159 
1193 
1159 1178 1192 
1159 1189 
1159 1190 
1122 1162 
1199 1199 1203 1204 1206 1206 1215 
1105 1154 1160 1201 1205 1207 1213 1276 
1197 1197 1200 1210 
1199 1210 1215 
1198 1203 
1207 1212 
1197 1201 1208 
1197 1213 
1130 1198 1206 
1197 1197 1205 
1198 1202 
1203 
1212 
1199 1200 1302 
1154 1157 1212 
145 1202 1209 1211 
1105 1154 1160 1198 1204 
140 158 1299 
158 1197 1200 
140 165 
1259 1273 
1219 1262 
1218 1224 1235 1239 
1158 1222 
1123 1222 1232 1264 
1220 1221 1225 
1259 1263 
1219 
1222 
1115 1158 1245 1265 
1255 1269 
1128 1229 1230 1231 1233 1244 1245 1256 
1128 1185 1228 1233 1248 1255 
1228 
1228 
1221 1257 
1228 1229 1248 1272 
1242 
1219 1249 
1237 1262 1265 
1170 1236 1238 1247 1261 
1237 
1158 1219 
1243 1263 
1242 
1234 1241 1246 
1240 1247 
1121 1167 1228 
1115 1158 1226 1228 1255 
176 182 1242 1251 
1237 1243 
1229 1233 1258 1272 
1235 1260 1267 
1251 1272 
1246 1250 
161 1253 1256 
1252 1254 
1185 1253 1255 
1227 1229 1245 1254 
1228 1252 
1105 1116 1158 1232 
1248 1271 
1217 1223 
1249 1263 1267 
1158 1237 
159 1218 1236 1263 1264 
1223 1240 1260 1262 1269 
159 1221 1262 
1226 1236 1266 
1170 1265 
1249 1260 
1269 
1227 1263 1268 
175 1271 1273 
1258 1270 
1233 1248 1250 
1217 1270 
1284 1284 1293 1311 1329 
1287 
134 1104 1105 1116 1117 1160 1198 1290 1290 1293 1294 1295 1297 1303 1329 1392 
1413 
1286 1289 1295 
134 1283 1312 
1296 1309 1309 
1282 1309 
1281 1309 
1279 1284 1284 1285 
1274 1274 1283 1283 1287 1291 
1283 1293 1328 
1278 1289 1293 1297 1298 1303 1309 
1275 1284 1321 
1310 
1278 1286 1290 1295 
1105 1160 1276 1276 1289 
1284 1334 
1419 
1104 1105 1116 1117 1160 1274 1276 1285 1286 1294 1297 1303 1329 1387 1392 
1105 1276 1293 1296 1297 1303 1329 
1276 1278 1289 1297 1301 
1280 1294 1297 
1105 1276 1286 1293 1294 1295 1296 1303 1329 
1286 1299 1303 1306 1306 1308 
1214 1298 1300 1307 
1299 1304 1305 
1295 1306 
1210 1304 1305 1306 
1105 1276 1286 1293 1294 1297 1298 1306 
1300 1302 
1300 1302 1307 
1298 1298 1301 1302 1303 1307 
1299 1305 1306 
1298 
169 169 169 1280 1280 1281 1282 1286 
167 1288 1311 1313 1314 
1274 1310 
1279 1313 1314 
167 1310 1312 
167 1310 1312 
1316 1316 1319 1321 1336 
1315 1315 1317 1338 1341 
1316 1318 
1317 1319 1319 
1315 1318 1318 1320 
1319 1412 1416 1417 1432 
1287 1315 1322 1322 1323 1324 1336 
1321 1321 
1321 
1321 1333 1334 1340 1340 
1336 
1330 
1330 1330 1410 
1285 1330 1334 
1105 1274 1276 1293 1294 1297 1332 1333 1337 1387 1392 1417 1430 
1326 1327 1327 1328 1332 1336 1336 
1332 
1329 1330 1331 
1324 1329 1337 1339 1340 
1291 1324 1328 
1336 1343 1415 
177 1315 1321 1325 1330 1330 1335 1419 
1329 1333 1339 1415 
1316 1342 
1333 1337 1343 
1324 1324 1333 1341 1342 
1316 1340 
1338 1340 1343 
1335 1339 1342 
1346 1349 
154 1346 
1344 1345 1347 1350 
1346 1353 
1358 1362 
142 1344 1352 
1346 1351 
1350 1358 
1349 1357 
1347 1354 
1353 1355 
1354 1356 
1355 1360 
1352 1358 1405 
1348 1351 1357 1363 1368 
1360 1364 1405 1435 
173 1356 1359 1361 1362 
1360 1365 
1348 1360 
1358 1365 1366 1368 
1359 1369 
1361 1363 
1363 1367 1368 1380 1385 1387 1389 1401 
1366 1368 1369 1371 
1358 1363 1366 1367 1369 1373 1375 1382 1385 
1364 1367 1368 1373 
143 1371 1383 
1367 1370 1372 1374 
1371 1373 
1368 1369 1372 1380 
1371 1375 1376 
1368 1374 1382 1385 
1374 1378 1380 
1378 1380 1381 1384 
1376 1377 1379 1380 1381 1384 1384 1385 
77 128 1378 1380 1380 1381 1381 1383 1385 1385 1387 
1366 1373 1376 1377 1378 1379 1379 1381 1381 1385 
1377 1378 1379 1379 1380 1380 1385 
1368 1375 1384 1385 
1370 1379 1384 
1377 1378 1378 1382 1383 
45 77 128 1366 1368 1375 1378 1379 1379 1380 1381 1382 1386 1387 1389 1392 
1385 
77 1293 1329 1366 1379 1385 1388 1389 1392 1395 1395 1396 1401 
1387 1389 1389 1390 1391 1400 
1366 1385 1387 1388 1388 1392 1395 1396 1397 1401 
1388 
1388 
1105 1276 1293 1329 1385 1387 1389 1393 1394 1395 1395 1396 1430 
1392 
1392 
1387 1387 1389 1392 1392 1396 1396 1400 
1387 1389 1392 1395 1395 1397 1406 
1389 1396 1398 1401 1404 1405 1406 1417 
1397 1399 1412 1417 1418 1424 
1398 1421 
1388 1395 1422 1427 
1366 1387 1389 1397 1404 1405 
1405 
1405 
1397 1401 1405 
1357 1359 1397 1401 1402 1403 1404 
1396 1397 1426 1431 
1408 1409 1411 
1407 1413 
1407 1410 1411 1420 1433 
141 1327 1409 1427 1434 
1407 1409 
1320 1398 1417 1418 1423 1424 
1277 1408 1415 1419 
1415 
1335 1337 1413 1414 1432 
1320 1417 1420 1432 
1320 1329 1397 1398 1412 1416 1418 1424 1426 1426 1432 
1398 1412 1417 1424 1433 
1292 1336 1413 
1409 1416 
1399 1422 1423 1425 
181 1400 1421 
1412 1421 
1398 1412 1417 1418 1425 
1421 1424 
1406 1417 1417 1427 1427 1428 1428 1430 1431 
1400 1410 1426 1426 1429 
1426 1426 
1427 
1329 1392 1426 
1406 1426 
1320 1415 1416 1417 
1409 1418 
1410 
184 184 1359 
