4
4
4
4
4
4
4
4
4
4
4
4
4
4
0
0
0
4
4
4
4
4
4
4
4
4
0
0
3
1
6
6
0
0
0
0
1
1
1
1
0
0
0
1
1
1
1
1
1
1
1
1
1
1
1
1
3
1
1
1
1
1
3
3
3
3
3
2
3
0
0
4
1
0
6
0
0
4
0
0
0
0
0
0
0
0
0
0
0
0
0
0
0
5
5
5
5
5
5
5
5
5
5
5
5
5
5
5
5
4
5
5
5
5
7
7
7
7
7
7
1
1
1
7
7
7
7
1
4
5
7
7
7
7
7
5
5
5
5
7
7
7
7
7
7
5
5
5
5
5
7
7
7
7
7
7
7
7
7
7
7
7
5
5
7
7
7
3
2
2
2
3
2
2
3
3
3
3
3
3
3
3
3
3
3
3
3
3
3
3
2
2
2
2
2
2
2
2
2
2
2
2
2
2
2
2
2
2
2
2
2
2
2
2
2
2
2
2
2
2
3
3
3
3
3
3
3
3
3
2
4
4
0
0
0
1
1
1
3
1
3
2
5
5
5
3
4
4
4
4
4
0
4
4
0
1
0
1
1
1
1
1
5
7
7
6
6
6
6
6
6
6
6
6
6
6
6
6
6
6
6
6
6
6
6
6
6
6
6
6
6
6
6
6
6
6
6
6
6
6
