30
31
30
5
28
28
28
31
31
31
31
28
31
31
5
5
5
28
28
28
29
29
29
29
29
29
4
4
10
3
27
27
4
1
4
4
1
2
3
3
2
1
4
4
1
1
1
1
0
0
0
3
0
19
0
0
9
2
2
10
2
3
10
10
10
9
9
3
10
7
6
5
3
5
6
5
6
5
6
6
7
6
6
6
7
1
1
7
2
7
7
2
7
23
23
23
23
23
23
23
22
22
22
22
22
20
20
30
30
28
22
20
20
21
21
21
21
17
17
19
17
19
19
19
19
19
18
19
30
30
21
16
16
16
16
22
22
22
22
16
16
21
16
16
16
20
20
20
30
20
17
18
18
18
18
18
18
18
18
21
17
16
20
20
21
21
21
8
14
15
15
8
12
3
11
9
9
11
11
9
9
9
8
8
8
8
8
8
11
9
13
13
13
13
13
13
15
12
15
15
12
15
15
15
15
14
14
14
14
14
14
14
12
12
12
12
12
12
14
12
13
13
13
13
11
11
11
11
11
14
29
29
7
6
7
0
2
10
10
3
10
12
23
23
23
8
30
31
30
31
28
5
29
29
4
2
4
1
0
0
19
2
30
17
16
27
26
25
25
27
24
24
26
26
26
26
26
26
26
25
25
25
25
25
25
25
25
25
25
25
25
27
27
27
27
27
24
24
26
27