118 186
2 3 
1 12 
1 5 12 
5 11 
3 4 6 8 11 
5 7 
6 12 
5 9 30 
8 10 
9 
4 5 12 13 
2 3 7 11 14 16 117 
11 15 
12 15 
13 14 17 19 33 
12 17 
15 16 18 30 31 113 
17 19 
15 18 20 34 
19 21 
20 22 
21 23 
22 24 25 32 
23 70 72 
23 26 27 
25 30 
25 28 32 115 
27 29 
28 31 
8 17 26 38 
17 29 32 
23 27 31 113 114 
15 37 
19 36 37 43 
36 37 
34 35 
33 34 35 38 39 40 
30 37 65 
37 40 
37 39 41 42 
40 42 
40 41 49 49 
34 44 
43 45 
44 46 49 
45 47 48 
46 49 69 
46 49 
42 42 45 47 48 50 51 54 54 66 66 69 
49 57 
49 52 58 
51 53 
52 54 
49 49 53 55 56 59 
54 56 59 
54 55 57 58 59 59 
50 56 
51 56 
54 55 56 56 60 61 63 
59 61 62 
59 60 62 64 
60 61 66 67 
59 64 
61 63 65 
38 64 66 68 
49 49 62 65 67 
62 66 
65 69 81 116 
47 49 68 70 75 77 
24 69 71 74 75 
70 72 73 
24 71 
71 
70 75 
69 70 74 77 118 
77 118 
69 75 76 78 80 80 82 
77 79 
78 80 
77 77 79 81 96 97 98 99 
68 80 
77 83 96 
82 84 85 
83 85 
83 84 86 88 89 
85 87 
86 
85 89 
85 88 90 90 92 92 
89 89 91 
90 92 
89 89 91 93 94 100 102 
92 94 
92 93 95 96 100 
94 96 
80 82 94 95 97 
80 96 
80 100 
80 100 
92 94 98 99 101 103 104 106 
100 102 
92 101 
100 104 105 110 
100 103 105 
103 104 106 107 108 
100 105 107 
105 106 
105 109 
108 110 
103 109 111 112 
110 
110 
17 32 
32 115 
27 114 
68 
12 
75 76 
